0 0.02265625 0.43984375 0.03515625 0.534375
0 0.05390625 0.48125 0.0140625 0.334375
0 0.0734375 0.47421875 0.01796875 0.27890625
0 0.26875 0.50625 0.0203125 0.1671875
0 0.2921875 0.49765625 0.01640625 0.190625
0 0.32578125 0.4984375 0.02578125 0.24609375
0 0.41171875 0.47265625 0.02734375 0.38125
0 0.37578125 0.503125 0.0203125 0.16171875
0 0.58984375 0.434375 0.03984375 0.621875
0 0.68125 0.49453125 0.034375 0.2609375
0 0.79609375 0.42265625 0.0484375 0.8390625
0 0.921875 0.4765625 0.03515625 0.40234375